0.11276
0.06263
0.04792
0.03525
0.03232
0.02981
0.02924
0.03000
0.03162
0.03911
0.04792
0.07605
0.10642
0.11276
0.07605
0.04506
0.03861
0.03232
0.03000
0.02854
0.02882
0.03162
0.03525
0.04506
0.05509
0.10642
0.11276
0.10642
0.05509
0.04506
0.03525
0.03162
0.02882
0.02854
0.03000
0.03232
0.03861
0.04506
0.07605
0.06263
0.11276
0.10642
0.07605
0.04792
0.03911
0.03162
0.03000
0.02924
0.02981
0.03232
0.03525
0.04792
0.04792
0.07605
0.10642
0.11276
0.06263
0.04792
0.03525
0.03232
0.02981
0.02924
0.03000
0.03162
0.03911
0.03525
0.04506
0.05509
0.10642
0.11276
0.07605
0.05406
0.03861
0.03232
0.03000
0.02854
0.02882
0.03162
0.03232
0.03861
0.04506
0.07605
0.11276
0.10642
0.05509
0.04506
0.03525
0.03162
0.02882
0.02854
0.03000
0.02981
0.03232
0.03525
0.04792
0.06263
0.11276
0.10642
0.07605
0.04792
0.03911
0.03162
0.03000
0.02924
0.02924
0.03000
0.03162
0.03911
0.04792
0.07605
0.10642
0.11276
0.06263
0.04792
0.03525
0.03232
0.02981
0.03000
0.02854
0.02882
0.03162
0.03525
0.04506
0.05509
0.10642
0.11276
0.07605
0.04506
0.03861
0.03232
0.03162
0.02882
0.02854
0.03000
0.03232
0.03861
0.04506
0.07605
0.11276
0.10642
0.05509
0.04506
0.03525
0.03911
0.03162
0.03000
0.02924
0.02981
0.03232
0.03525
0.04792
0.06263
0.11276
0.10642
0.07605
0.04792
0.04792
0.03525
0.03232
0.02981
0.02924
0.03000
0.03162
0.03911
0.04792
0.07605
0.10642
0.11276
0.06263
0.07605
0.04506
0.03861
0.03232
0.03000
0.02854
0.02882
0.03162
0.03525
0.04506
0.05509
0.10642
0.11276
0.10642
0.05509
0.04506
0.03525
0.03162
0.02882
0.02854
0.03000
0.03232
0.03861
0.04506
0.07605
0.11276
0.10642
0.07605
0.04792
0.03911
0.03162
0.03000
0.02924
0.02981
0.03232
0.03525
0.04792
0.06263
0.11276